PRECISSION: 0.6159052945567135
RECALL: 0.559851505790556
80, 