PRECISSION: 0.6191361347155692
RECALL: 0.5615787671021747
80, 41, 