PRECISSION: 0.5842745511931291
RECALL: 0.5323197719347365
80, 41, 121, 120, 120, 118, 66, 35, 48, 62, 64, 