PRECISSION: 0.582563547005529
RECALL: 0.5292354102366873
80, 41, 121, 120, 120, 118, 66, 35, 48, 62, 64, 57, 