PRECISSION: 0.6215427720911607
RECALL: 0.570246253342629
80, 41, 121, 