PRECISSION: 0.6131832534267153
RECALL: 0.5575265129101475
80, 41, 121, 120, 