PRECISSION: 0.6164119979264207
RECALL: 0.5598967692193754
80, 41, 121, 120, 120, 