PRECISSION: 0.6254202737905483
RECALL: 0.5714249253219121
80, 41, 121, 120, 120, 118, 