PRECISSION: 0.5945815784955583
RECALL: 0.5445096588668121
80, 41, 121, 120, 120, 118, 66, 