PRECISSION: 0.5890438249863015
RECALL: 0.5402981877246777
80, 41, 121, 120, 120, 118, 66, 35, 