PRECISSION: 0.5913500288034019
RECALL: 0.5375143651459875
80, 41, 121, 120, 120, 118, 66, 35, 48, 