PRECISSION: 0.5818835398116047
RECALL: 0.5295580434764895
80, 41, 121, 120, 120, 118, 66, 35, 48, 62, 