PRECISSION: 0.6264129543561562
RECALL: 0.6084873144130427
154, 