PRECISSION: 0.6274411295430851
RECALL: 0.6039332330970505
154, 110, 