PRECISSION: 0.6137132011329296
RECALL: 0.5910075296089109
154, 110, 40, 62, 129, 211, 167, 80, 168, 210, 220, 