PRECISSION: 0.6111890700019825
RECALL: 0.589922847480533
154, 110, 40, 62, 129, 211, 167, 80, 168, 210, 220, 56, 