PRECISSION: 0.6152335408921742
RECALL: 0.5923278354903786
154, 110, 40, 62, 129, 211, 167, 80, 168, 210, 220, 56, 103, 