PRECISSION: 0.6081521837548645
RECALL: 0.5920073306925278
154, 110, 40, 62, 129, 211, 167, 80, 168, 210, 220, 56, 103, 219, 