PRECISSION: 0.6106857823804088
RECALL: 0.5930730248298351
154, 110, 40, 62, 129, 211, 167, 80, 168, 210, 220, 56, 103, 219, 217, 