PRECISSION: 0.6153733092667125
RECALL: 0.5925305124419171
154, 110, 40, 62, 129, 211, 167, 80, 168, 210, 220, 56, 103, 219, 217, 88, 