PRECISSION: 0.6137080541885098
RECALL: 0.5916542919826566
154, 110, 40, 62, 129, 211, 167, 80, 168, 210, 220, 56, 103, 219, 217, 88, 170, 