PRECISSION: 0.6260088570665542
RECALL: 0.6063760364076289
154, 110, 40, 