PRECISSION: 0.6289983864113308
RECALL: 0.6059149756235813
154, 110, 40, 62, 