PRECISSION: 0.6274693437634545
RECALL: 0.6104501560542573
154, 110, 40, 62, 129, 