PRECISSION: 0.6304201254567624
RECALL: 0.6067812129751536
154, 110, 40, 62, 129, 211, 