PRECISSION: 0.6202855541658467
RECALL: 0.6009681889301526
154, 110, 40, 62, 129, 211, 167, 