PRECISSION: 0.6202831980375717
RECALL: 0.5974090155867607
154, 110, 40, 62, 129, 211, 167, 80, 