PRECISSION: 0.6160279540955121
RECALL: 0.5954591012381836
154, 110, 40, 62, 129, 211, 167, 80, 168, 