PRECISSION: 0.6141017233383097
RECALL: 0.5913553112064865
154, 110, 40, 62, 129, 211, 167, 80, 168, 210, 